1981949
2260826
3012281
4206767
4095338
4637337
6351156
5762420
5036948
4142325
2494391
2421190
2201838
2411357
3104861
4230508
4375083
4948190
6635181
6491773
5139723
4023913
2465390
2537527
2178691
2599398
3671074
3655817
4482919
5021743
6694014
7344750
5058634
4328167
2673690
2621728
2393246
2679125
3302468
4207964
4716094
5056196
6847249
6917438
4994252
4351947
2658574
2729262
2554887
2948888
3279133
4182442
4903627
4855562
6915294
6844849
5301203
4710414
2871639
3061894
2712863
2955391
3835168
4155338
5170770
5262955
7495663
7318761
5788786
4918458
3119567
3180058
2729475
3032159
3830261
4900226
5527699
5527126
7563719
7428402
6006950
5067722
3162697
3228025
2821632
3160312
4068344
4686834
5395227
5745181
7633521
7561898
6035341
5023913
3304307
3228994
2879846
3360500
4333369
4583335
5649384
5779578
7066558
7336705
5682501
4777731
2927417
2815090
2517980
2833450
3434132
4511701
4988169
5203390
6678047
6723277
5133169
4607406
2837367
2709553
2542841
2723363
3543400
3910779
5045676
5289108
6981417
6985291
5351470
4806009
2911187
2586430
2655823
2784271
3510049
4612689
5134990
5734891
7385628
7489515
5934029
5257086
3004607
2673306
2811021
2797620
3592387
4495693
5385212
5996190
7654573
7749332
6202106
5123303
3020767
2636292
2728272
2756023
3738846
4690772
5823063
6308842
7727186
8481924
6550855
5481295
3305272
3085997
3064668
3064422
3760531
5311830
6149737
6590848
8149091
9240208
7066407
5907192
3396167
3255109
3175916
3228369
4007974
5454187
6572839
6690369
8678782
9429632
7243067
6432119
3754706
3513026
3526624
3678786
4627065
6086458
7110937
7552826
9545564
10027722
7932508
7137880
4098316
3990511
3905841
4119187
4914065
7081335
8002819
8432041
10493503
10397222
8877269
7269657
4392364
3982440
4106529
4218107
5393391
6780561
8085771
8554172
10020572
10175348
8932692
7649712
4537058
4354821
4195429
4380646
5648819
7146033
7919204
8833017
9873562
10120128
8845508
7590529
4653320
4304373