10502499
10543143
10587169
10604946
10712095
10745844
10760887
10758372
10728649
10712266
10694039
10536760
10424351
10441250
10461528
10464696
10524241
10569285
10605112
10625865
10591452
10566828
10562731
10556470
10516056
10513334
10517909
10511478
10564050
10602072
10628435
10643126
10603769
10546302
10515587
10509584
10457427
10433801
10422962
10453069
10498582
10544635
10599491
10652048
10634580
10624052
10628805
10613294
10535921
10578729
10613721
10682416
10785419
10869575
10948422
10965791
10932418
10930788
10935689
10907708
10807519
10867059
10900978
10975483
11110012
11189701
11266474
11305724
11279862
11276173
11296249
11291912
11206333
11336356
11393200
11533091
11601273
11679244
11765713
11761732
11737438
11740477
11781635
11776915
11712565
11807078
11885977
11980998
12087297
12208350
12297521
12310817
12311381
12303097
12328149
12303372
12230951
12298546
12374897
12415897
12518699
12607242
12652873
12649947
12617564
12587607
12624847
12587743
12501674
12547095
12567762
12602481
12661156
12725857
12781785
12768997
12688284
12646957
12673640
12614033
12491520
12551121
12542081
12584150
12657807
12690042
12743734
12670684
12504587
12403637
12342029
12244737
12083313
12070976
12032009
12090635
12195596
12206279
12279421
12198455
12088252
12031848
12002182
11914195
11761540
11832799
11910527
11935709
12026413
12115847
12226354
12188397
12134593
12125684
12177939
12109602
12060716
12111565
12201267
12246742
12351305
12401458
12488895
12434472
12389860
12339982
12371580
12293553
12232497
12288704
12338650
12402766
12504922
12601596
12696837
12641235
12597193
12594863
12638085
12534661
12501827
12588418
12700021
12813012
12922175
13028185
13137213
13087637
13086908
13114595
13176014
13029432
13059441
13183323
13320707
13422408
13570720
13692489
13766960
13709300
13775995
13834276
13940528
13816294
13833883
13960068
14015664
14171127
14339430
14416318
14615953
14438307
14484328
14622016
14663586
14578326
14560936
14693970
14800363
14941130
15049683
15127020
15274812
15144226
15295859
15265933
15364569
15236218
15204072
15349934
15514507
15556128
15679793
15827451
15844140
15676271
15756672
15765273
15876290
15748752
15727566
15822158
15912352
16023487
16154714
16290434
16326631
16276570
16187368
16236870
16369029
16188390
16207199
16335717
16455090
16559933
16707449
16734941
16817780
16660731
16680559
16738305
16866901
16589561
16713457
16839767
16894920
16998997
17135324
17156672
17280888
17073043
17143750
17264424
17318242
17161920
17188173
17290315
17383847
17576953
17789125
17942395
18157011
17968476
18094408
18194803
18283385
18156182
18123841
18238966
18360036
18559178
18640331
18642858
18771167
18583552
18814068
18767751
18884115
18770259
18757058
18871589
19085110
19109008
19234065
19358772
19302685
19047968
19307990
19232271
19325697
19195755
19111058
19176237
19224988
19251454
19384100
19184842
19169826
19055340
18837302
18706423
18659607
18305613
18150678
18075777
17967287
17955064
18100171
17917981
17958362
17796399
17791858
17870659
17777153
17640018
17546714
17550412
17479448
17604183
17699572
17587252
17795844
17509439
17554774
17636975
17539607
17478095
17276530
17298626
17325399
17498964
17497250
17362369
17591403
17287084
17255382
17206525
17204030
17111792
16819725
16809794
16885759
16863390
16893799
16966420
16875350
16682422
16793649
16557981
16381817
16332488
16083780
16094638
16169814
16198707
16281979
16346688
16284726
16271446
16240307
16190225
16311593
16258042
16101625
16168480
16269721
16420853
16643365
16555787
16605098
16611116
16565854
16575092
16731190
16651884
16589693
16705373
16826434
16980816
17248258
17075016
17127908
16983303
17072551
17209036
17208793
17180590
17112224
17136666
17263972
17536670
17598892
17569070
17805681
17452445
17603313
17666175
17734106
17741897
17603835
17728908
17852834
18184000
18261899
18196843
18276939
18040193
18400141
18281362
18364819
18331107
18211901
18314467
18542644
18659703
18832943
18967952
18812915
18535422
18956018
18792718
18871968
18914563
18730629
18846671
19096989
19182644
19327792
19458689
19290343
19254763
19223638
19181445
19415313
19261636